731671765
313306249
192251196
744265747
423553491
949349698
352031277
450632623
957831801
698480186
947885184
385861560
789112949
495459501
737958331
952853208
805511125
406987471
585238630
507156932
909632952
274430435
576689664
895044524
452316173
185640309
871112172
238311362
229893423
380308135
336276614
282806444
486645238
74930358
9072962
904
915604407
723907138
1051585
93079608
66701724
2712
188399879
790879227
492190169
972088809
377665727
333001053
367881220
235421809
751254540
594752243
525849077
116705560
136048395
864467063
244157221
553975369
781797784
617406495
514929086
256932197
846862248
283972241
3756570
560574
90261
407972968
652414535
100474821
6637048
4403199
890008
8952434
506585412
275886668
811642717
147992444
292823086
346567481
391912316
282458617
866458359
124566529
476545682
848912883
1426076
9004224
21902267
10556
263211
111093
705442
175069416
589604080
7198403
8509624
5544
436298
123098
787992
724428490
918884580
156166097
919133875
499200524
063689912
56071
76060588
61164
671094050
775410022
569831
55200055
9357
297257163
626956188
267042825
248360082
3257530
42075296
3450






